834522122
721133184
1053840399
975620713
956751252
755815709
565506922
1203939152
983779813
1211455990
849849229
1103923026
853852420
832368372
1063406176
727154165
1130793410
1023326664
1021314131
989847520
868158522
1236201785
598247873
768289157
863932876
659228696
1077778167
913894360
829553341
737750138
1205350358
1129500874
771061081
952481355
1098821940
1216280375
1211695049
1017406983
1098821940
807389015
961148084
1229221390
824389220
655669143
1226637332
1176121062
922162480
944416528
514202080
1099928457
798798409
989847520
1168546284
1284170778
1237390536
791400660
1188876615
1089110765
745552055
632265570
782753550
669662604
1218300101
850637689
750811978
635549018
1029232964
1284297849
530198818711053275
868158522
1042219252
825705837
892336104
910836862
919835495
657557476
1109091097
1132556497
1003160937
1205611076
1171718611
553833010
971283272
1077778167
759142559
811404604
1091445462
1128061032
1028367168
805055953
1134403652
1182634960
799987059
947268931
1186905940
950337191
678789386
854210206
1074662204
784249855
963612485
1181959437
848505530
1074648917
203881385
1130336243
123456789
123456788
123456787
123456786
123456785
123456760
123456709
123456712
129034567
123874567
123457567
123456777
083013103
194057474
123344567
123904567
193646839
038944045
037749497
173947739
478392636
937363713
087544571
087154313
169473988
834522122
1098821940
-1001423873865
732076862
771145200
318653934
-1001317538829
906808868
485492375
672565602
924045631
985559380
1257825640
569345512
782758564
-1001277416828
1105467245
1067176256
853115211
-1001216750237
1130793410
490363165
-1001187527632
971831410
913047674
1083665322
1079038106
1149308445
-1001300803960
588859434
911914080
923187301898179044
172171673
537148668
902204360
987262645
1223316485
869220302
631921071
1051011166
916201454
956743288
1017046815
975620713
1152813011
956751252849246453
552442571
538787546
967644189
1049832477
1259249831
841296955
903174113
216911498
583025155
936679253
635845246
819950802
904958860
790880339
699405434
977612386
736840687
209836064
776238735
923519352
964209130
873934869
737152043
1014251846
246078304
471088845
807994376
925885217
829893947
1064538721
1126811052
902590193
313514522
37335036
1089762484
320963425
609515224
562311592
1012053765
511703106
889857606
886191765
979196419
835090588
694444638
811818748
1183068535
1002888303
1199849171
666429199
329909475
823611960
914408280
676534313
831280184
706050800
1134370118
708769854
1083792502
917897785
758885637
175407607
1056196768
541617721
252981495
477278204
1024269565
714423831
857033310
1276449908
1092743121
1139136868
978835097
1069068930
831580317
927697165
858034835
929870363
685977154
819336285
1216657168
1199151094
1236460072
1050946402
943296595
829628601
1022347333
750403821
911758128
885538080
584454908
990382075
882090673
904629592
916980739
887698646
814159175
456903916
704681340
34328363
948331483
866597292
1118014292
1162831399
1115352594
736024258
770452933
9355573211126069959
1126069959
996615250
824533903
905598948
1113205406
797705905
1158738575
1290634412
995983437
751957548
859590820
770598308
601743343
1029050971
1178445968
830902971
1156356531
448635386
690195100
1123512764
961282849
871733555
1027412777
1198426026
896004983
898844054
918716882
992345269
1105657102
1223452631
1159597856
823872633
1040712108
814487496
1239772217
708144782
698534597
1132329989
640055273
1115755011
668625735
847258397
861795316
1023989826
890603998
500032881
1143917492
724402159
854694374
953022909
917435864
922723304
1159185814
1030519526
1238159996
706108225
1265440244
44577699
913972777
589400209
683045383
870682598
1235655507
564903564
611549599
910092059
1283248354
1163548863
659089016
978437429
863964862
937010544
1055288813
1200382301
1002919958
1087366001
929548593
1065825283
805596489
864247850
985232829
1125924969
1175122763
1296908649
800430332
1063396927
1196356434
560757190
1237780501
1290717486
107317782
925987147
1148481691
814882341
816905794
709461012
694909874
917695665
946410731
931338117
1009417715
406296757
580349658
1148611959
960409173
520313256
887806184
1017804934
1095885992
1069748949
668258986
781312585
664250654
1212948173
1202810197
1192997087
678148304
1046956791
585142018
1039363463
1152705668
795770350
1183457103
645064021
1060088453
854942070
945497728
600332695
1055619011
1090410005
988506817
1195650344
1219088994
1180925775
495179206
79154343
1209080697
123864638
1238275073
1101998974
1070825932
1233319866
1126262684
1065029969
729435169
995833374
1008662820
973379412
944507959
1145115840
1078613690
916010801
1003792198
1147757812
734620969
1059128618
675258844
1184903704
762143792
702152558
1245326776
954188933
861168260
743350658
1171564931
1098363074
954791197
1007984636
1157155546
914218062
429719499
1074882925
789628318
1254855007
1253628451
829736407
1053874651
1038650758
966186398
885624251
763487021
821701765
1170115965
326997120
917071125
1160372820
687674623
876201781
935020913
1132022643
1104071799
1212825604
966239207
1094063209
1091118800
763542835
818784318
767407786
755140678
315423520
789606448
638410293
1077028865
1122225640
1078325604
1249557337
1123804697
360938618
1108536828
1111027757
705320901
802137901
1101707446
149250257
660427106
1118232805
914910115
1057719598
315682573
1040785176
860087832
1000786979
1295399217
1183636453
918850183
235689099
1143841552
1063495792
989423922
713563531
514772591
820985154
995085050
1274273501
885619836
1063620914
1099645497
1128095261
727333431
1187577510
768802616
823606453
1090173511
711014323
1044156783
673349399
730581450
46114161
1077984199
1070832359
967217139
1268197983
1242708542
284690840
1134280026
1273444470
852238892
1247461392
918379184
598640533
763356146
1140251208
1233089837
962291346
1016857140
600386023
491802140
949129373
835551376
979226827
472540616
1167526750
921232292
445250120
903041553
1020379375
748664838
1264732101
932122472
666569738
1103227484
972942972
1296628040
834297822
987112648
813395343
1022749049
551597801
890557977
1177808795
1032126257
902317020
627705617
435840436
634317917
986671679
835346518
649342546
931646677
666422354
1234604183
1103483499
1133895806
1144351372
1235475593
973000382
1209648208
1298395735
909057559
956776824
1338242793
1057121575
1168161650
1057130446
857406478
1072501254
874199321
439549913
1147426699
1124876480
1132045034
1253939292
1015275033
1263612162
1119928270
1167309447
918001308
804376187
1179928643
1292704522
702768040
1356681646
1087214395
872732497
1100598997
1117698999
889564657
1041302042
985727392
1208110909
1198915428
641608193
1094837870
915236825
1183428316
1282744060
1157203538
1085465847
1290811649
1288813162
1102695252
615787630
1195010744
1243950474
787971147
994908546
647831832
1109248353
813172939
1145876322
1294516428
707772340
703505580
534206438
742758556
241918213
777406944
1100607600
1109590865
1149067372
673830632
1239680825
902405769
989504688
1241639959
935005388
1184186983
649733148
1150172607
1074781663
306027282
984087738
925500767
1005716564
1061002446
1271523312
822621527
1102467984
866163578
981475318
1126330325
1181689973
763434866
790547754
630133524
996336949
973823297
759325296
857224712
1286248462
923163114
413229446
731721945
631128238
1293646446
1226642666
790945311
1272218045
722041882
998844011
1184719636
790478561
926639633
1051920905
1200448129
396040125
1047799690
1278730491
1085203150
1180227450
1111034352
665006090
805158570
852601149
1293747499
1244945010
671874680
889295869
778924434
75857087
727677125
870797209
1036831407
620623934
996838891
696416255
483966179
936256314
1135543386
1089091166
857602869
1088494514
1271201147
1044203004
1084714531
252117565
472757568
1131010079
930416396
1123180533
1170243910
1343653681
818840192
1194447214
625675459
820278601
345851612
626535553
1051447174
403871840
1054634465
946438281
1216950805
342217121
666699318
987395189
813235937
185091395
269506422
1129321079
1167937723
996438178
1110286111
841167142
1269528481
990131359
1076130609
1162546534
806862323
223995100
919927733
1198884340
1003516507
993769971
1203672561
1290735757
959103548
847668590
831181179
863171463
674864637
770893784
1114622391
1314791093
1215809360
1124449176
1055377104
959970593
816982623
995704100
793409707
960329417
781462705
852186057
880840975
467108890
954560092
1067002322
337392914
540016426
962291318
1301596429
1205501272
1287835204
1254976601
956770820
714523981
800927328
777000
164147587
846380798
572472651
829711242
164189536
1275657681
1044753221
706533176
1242595710
1038043174
1243572931
953601044
1188555202
1239007257
1075647559
761102985
653512340
573526546
1155054877
622116096
833250957
704584495
965838007
1279621505
1065637166
953748541
846523203
401394536
615373909
1122818249
951126531
1370399264
1305706118
1223497947
1022782287
1299578736
1000854943
1003174918
1226769615
608639904
1023954292
1143992596
745125049
955095070
935003092
849657949
865911176
1151637870
713091375
964488085
945028376
1294775211
1136764945
1178848694
640763962
973752706
823784154
751640291
1212722432
918249436
1352028897
1120641202
1096430905
1293995224
832655307
939327179
1264279845
784573961
1136925495
1019106696
503122447
1022538574
980891915
987928919
1140256718
939169520
1013012281
1138387174
1015984805
1072138056
953064738
636181383
981568958
756371874
1004812882
668638275
721919736
899966123
1034213062
719899069
1134611679
854037259
1274565521
1042396910
654379776
924227497
1119771088
1221440689
1200407593
590525417
1126315508
1167293391
1162557720
801771477
400392733
948438250
825940937
1296565795
1160731251
1162035239
1107057018
1323241535
1227731022
1024985297
1204337843
1247365314
1086394357
1306793983
1129117236
1112186031
813161013
755648043
1040922148
1273012840
1126435214
1288935157
1244431467
1218765357
1255379419
1055455888
1276812169
1221073512
839637677
878303849
732465208
1236833874
1015352648
1087113941
879385823
869395741
470026482
915792607
1047438758
1066804398
798593394
887319565
1139933228
682449948
1195759204
1189540236
977203322
927194144
739506671
881380851
993154748
798171724
1397003436
1142993900
1136964020
962711207
910384820
1039472986
1290827840
893137962
1168453637
85655905
862701244
1034472489
677872880
1085410364
688866397
388378533
642120908
1270714627
915658252
416000980
1150337648
521889848
236459187
1169348334
915771447
663461829
468043776
798354366
868309001
966633754
1140736767
1021899777
1222604815
506157747
1108937896
877711735
1350704275
1059675807
841046999
584246592
81641930
1307824409
1107669190
1066090772
1268887293
1019243563
1116785522
617096262
1154285761
1077636390
143316760
1355785862
1271745267
1026030879
922821413
676227133
1152277909
1246662505
1206464043
814695225
1135793644
1338534998
946564707
1129245967
1193908393
958975018
1021129359
941715004
821581632
1011557401
1058001315
839463279
1066664594
1105959994
412660694
801445196
786110632
904310278
1002379023
974578493
346988887
766890495
940162356
1087299478
774049243
641111620
1201377683
1277639345
625428601
1124832443
743678856
1301559583
585615945
760154262
733851621
680326061
919654569
1200738225
904338872
1027076960
119339500
1011633486
1156635889
994482023
218208714
863276628
626398181
46850693
1384251444
783087846
864370042
386694841
1117643183
1113363586
515724073
1379260631
1359816582
1103389460
1050419179
485181563
628970962
1059950726
948313525
1180462168
809445828
1243036903
1226111511
886875482
503778022
863794606
500877354
579705282
669790290
1365828373
424725570
1396748946
794269597
1161365892
1158530619
590086507
777058987
1113638081
1276982428
1207088490
988689249
1000411339
917724418
1234185205
888592233
1317540907
775044253
1074885046
711486072
1154892555
1255647907
848126611
1310735590
551527140
979179598
1001781022
779158339
484152419
1310664154
1059081622
891787955
768246119
1017675012
1091472349
883101734
671593664
1140837034
348416806
817667493
1292029164
421047501
1010404042
1281590215
359327952
945037749
866244084
1023529911
1368760202
1098004477
1123430518
1256390746
1208498782
1308778366
1122332105
1171238813
1272267380
865512141
638138936
1061174608
1154897118
1001221474
790043583
298369128
632087140
889743171
1052011746
1210339492
1178713738
1019219772
1023514966
1083848688
618868490
1245992684
1121357712
876013621
679324505
970399780
946184026
1191407763
1185928876
956650879
1361214496
1133029016
879932736
1006400847
891570620
1194799420
1002911718
1282595392
1148686950
832048973
635058417
397289661
1230842055
103696864
814822304
1166033609
1137942901
981348496
1255116193
489923430
700994898
1101728114
759579201
884464039
630592294
733875389
460454745
503451898
988171772
954591378
960262390
941660690
1162382650
1027186096
957849931
1289733391
328780747
733949140
1125311717
1146780380
1047782093
644753244
731513961
827790539
872245955
1212972632
986552866
1217095807
845393158
1084412330
700655921
1177915795
468140229
1034596098
1025601129
1068243405
966401211
601847870
644501445
1250720980
679884027
1345371069
967985858
1051850854
1356066066
837374556
1010552824
1351446812
1002447255
930297048
821462931
1173603483
826414726
745579699
179378378
1386411398
829514095
1158790743
1354884909
1280172050
743471948
1071172734
774288175
1249502463
1071422470
754545820
933108906
1130315647
1292893810
770242167
1154254072
1304891734
1183455619
571714654
338604768
901895232
1235868305
1223968200
1392255170
1085992598
1259462402
821486331
1383532590
1099855632
884733544
1271770119
928930138
1139602506
833497788
1300076354
1296372376
1377371157
919588032
1227102510
1050303128
766932402
1260050982
1379595538
983315190
832540076
1166422386
1071440346
787193814
1254838654
1145577067
1326886464
1087315426
750924945
727095414
839787685
1238503779
1026130290
169914875
1185739568
957686262
987105759
1275603717
768799949
747411383
1041852949
1176277400
759834373
1060771246
1224310595
1128417409
1083772924
920789349
832867846
1196986460
609969777
458165223
474171396
521900962
453620421
1395226013
994269273
1027193482
1087117021
1253636428
1066279359
1203849113
765991017
812535908
1331574042
1118508180
962188203
769140289
819001251
693882478
999563674
1129852261
1348104619
1063054319
1115130881
299716010
1189579959
1132448201
1203242102
1055985990
1093829774
1001098802
484946833
429500930
953701805
915522599
973438494
995260019
1122032629
1046351843
1041652528
462183646
1052682554
738515042
938180398
734219445
666349931
763344953
1167153985
739049155
568138638
642675984
1070735328
730131308
964711567
358165335
1126913740
1033644148
723026206
889730492
949871333
1205904134
1073003214
1235397013
879426616
817081200
845996753
909721635
982832077
867157458
1086381046
1001919758
728921056
750087327
1209847908
804243631
199007394
1211241531
928370582
986011570
567248811
563016834
171545595
575055692
1142442958
1216832942
834166777
1146917331
1000793458
707160878
1202463569
769124073
975659676
1234026328
615180836
775535384
1224444208
982813570
380604866
570855868
1165289721
716565623
1223725957
1011978791
971051035
1015189239
1374334004
1195403683
1178119896
803561914
1125949700
166112339
783176887
819749071
235340110
507677731
1120941641
1020960427
726516106
868065494
1091833887
1359185774
1254802016
1131373502
938205274
1172071510
774062586
900838132
1119465034
835105858
1302394919
812427513
1063076993
1167774939
1147210717
1297382670
1037753787
882594561
1261122168
896345094
1051937281
1076943292
678299329
1058704255
947361573
1367533633
857934939
862937417
796197973
1184975682
973762834
1296084658
522759278
997314296
608055067
1086072970
1066185985
1193655810
1247612535
1279234970
871107673
1194351317
186435436
970164011
923674835
1247111783
1279612666
739109339
1125221483
1147259997
1282790148
607735047
898282667
460460915
495134685
1075384241
733509575
926926859
1173349957
916841225
965158210
692021674
354900705
697936002
947679083
825372442
747351928
1088793185
1364807154
1294109086
602578560
904157823
677055900
932733488
1359998536
1248316231
801598284
882329442
1394602983
1084188357
1371310852
1104249880
1304588163
676050291
1049767084
1265644731
892188844
987465339
686748332
775175123
1283668615
563789010
675246249
752482158
1252413745
982910459
1236136639
1124210752
1149919860
932690027
759720643
886983528
1146960048
1017350728
1116403469
985545971
1337374725
710581176
966279350
1106245344
1275104013
1291804732
807123436
1231210608
987657721
1328724040
1252837261
1181029995
1048632632
612831113
779948492
1147687854
814601248
1164801463
1109205285
1199547785
1218773867
616229890
682464130
734143200
554177735
1073268493
1042327632
1114297818
850969963
1023015276
1096632468
1147413053
705250932
993736394
1272922427
1249074653
1187271981
1235242850
464531566
1001155435
1098639994
1093017791
1241197814
1078649453
1000707077
991841096
703285899
1153124147
1171165032
1299975718
1246226553
1093818626
1066494299
1338412079
642747958
1037971174
1150654350
1393706366
1219806676
175589017
731606914
972049809
1397465127
1070915488
1168295603
933677958
889095628
696645782
829939045
1018137720
661410238
1314073318
1299563259
974724208
588349297
904653674
1140664508
944500246
758616967
1309821282
1287177530
982521819
904816440
1211865317
1219765139
707299136
974032450
1100674631
912899371
1284975049
994593019
984422390
1082770583
1121799602
834276126
1128109023
1382794559
800764990
399472623
1162662632
770695743
1015777477
1381483713
457418752
1047272323
1064232713
1326041081
1131697475
1159423619
1123030708
1088928692
927066240
1178378476
529031741
533509631
738179538
992159116
1244776815
1380598204
668082438
1290945091
1246201639
984903326
860571263
699159745
1192974645
996020088
840641771
746584289
1320400868
925646532
249988346
699328722
1068176911
1159574601
1121090258
467007713
1257328240
842715903
595715653
522353210
998842013
889121189
913455330
1061053372
662516672
1084577286
568836254
1396240628
762658504
186760377
737161158
1058933527
1085105972
1073486023
1155143682
931793563
923646061
1245196248
971029258
1144079155
476006012
1160326650
1084139109
675890586
766549208
1171411466
1007924818
1274709975
995110770
951668068
830118262
970056750
698377564
290101403
1055568157
1132275237
1117020620
784138536
222958772
888309047
1318590714
1153605115
708982356
731514038
1264174349
856705798
1235588007
1106627537
997149590
576561005
1317782677
1251920332
1061036131
1059473638
1042844971
1286208874
1282868441
1281393141
1021312877
1144865531
1112332213
820162118
1203128565
645808453
1146961882
1337894373
1086237804
1125830786
844564189
1144825908
857865178
843684770
1093641608
1192220804
180977009
721173372
401121044
823530104
948522462
1014748835
608632527
1358599030
101429687
355673677
1158861991
887750781
1024020180
664700313
498678241
915645295
631405277
699659094
568743096
983715101
1111774754
1045738474
630473606
909302563
896826533
1114279783
1006849159
685392784
1008465586
990294881
844785819
513609464
801281597
718959987
1059088250
867805629
943622634
1336763596
252314628
398942676
286935339
200583661
729512233
1070846128
577610457
1163617086
1122326051
628975025
1172042956
1121471368
978657229
1023243291
1040736367
908926418
784640025
310746514
1297967746
939038096
791468503
1280632402
1196826410
727896155
740685031
